((("function" .
   [0 0 0 0 1 0 0 0])
  ("ac-auto-start" .
   [0 0 0 0 0 0 0 0 0 0 0 0 1])
  ("setq" .
   [1 0 0 0])
  ("ac-dictionary-directories" .
   [0 0 0 0 0 0 1 0 0 0 0 0 0 0 0 0 0 0 0 0 0 0 0 0 0])
  ("add-to-list" .
   [0 0 0 0 0 0 1 0 0 0 0])
  ("comments_url" .
   [0 0 0 0 0 0 0 0 1 0 0 0])
  ("resource" .
   [0 0 0 0 0 0 0 1])
  ("true" .
   [1 0 0 0])
  ("left" .
   [2 0 0 0])
  ("absolute" .
   [0 0 2 0 0 0 0 0])
  ("fixed" .
   [1 0 0 0 0])
  ("relative" .
   [0 0 1 0 1 0 0 0])
  ("li" .
   [9 0])
  ("ul" .
   [2 0])
  ("navigation" .
   [0 0 0 0 0 1 1 0 0 7])
  ("009cea" .
   [0 0 0 1 0 0])
  ("hover" .
   [4 0 1 0 0])
  ("IntervalSansPro-Regular" .
   [0 0 0 0 0 0 0 0 0 0 0 0 0 0 0 0 0 0 1 0 0 0 0])
  ("uppercase" .
   [0 0 1 0 0 0 0 0 0])
  ("type=submit" .
   [1 0 0 0 0 0 0 0 0 0 0])
  ("blue" .
   [0 1 0 0])
  ("10px" .
   [1 0 0 0])
  ("fff" .
   [1 0 0])
  ("Arial" .
   [1 0 0 0 0])
  ("IntervalSansPro-Bold" .
   [0 0 0 0 0 1 0 0 0 0 0 0 0 0 0 0 0 0 0 0])
  ("190px" .
   [1 0 0 0 0])
  ("p" .
   [2])
  ("200px" .
   [2 0 0 0 0])
  ("comment-form-comment" .
   [0 0 0 1 0 0 0 0 0 0 0 0 0 0 0 0 0 0 0 1])
  ("666" .
   [1 0 0])
  ("14px" .
   [2 0 0 0])
  ("12px" .
   [1 0 0 0])
  ("3" .
   [1])
  ("15px" .
   [1 0 0 0])
  ("5" .
   [1])
  ("top" .
   [2 0 0])
  ("label" .
   [2 0 0 0 0])
  ("i" .
   [1])
  ("5px" .
   [6 0 0])
  ("textarea" .
   [1 0 0 0 0 0 0 0])
  ("0" .
   [16])
  ("border" .
   [1 0 0 0 0 0])
  ("border-bottom" .
   [1 0 0 0 0 0 0 0 0 0 0 0 0])
  ("1px" .
   [2 0 0])
  ("input" .
   [2 0 0 0 0])
  ("999" .
   [3 0 0])
  ("small" .
   [1 0 0 0 0])
  ("font-size" .
   [0 0 0 0 1 1 0 0 0])
  ("form" .
   [10 0 0 0])
  ("comments" .
   [12 0 0 0 0 0 0 0])
  ("important" .
   [2 0 0 0 1 0 0 0 0])
  ("h3" .
   [1 0])
  ("40px" .
   [2 0 0 0])
  ("36px" .
   [1 0 0 0])
  ("2" .
   [2])
  ("a" .
   [1])
  ("php" .
   [1 0 0])
  ("h4" .
   [2 0])
  ("class" .
   [1 0 0 0 0])
  ("name" .
   [2 0 2 1])
  ("def" .
   [1 0 0])
  ("puts" .
   [2 0 0 0])
  ("if" .
   [2 0])
  ("Greet" .
   [0 0 1 0 1])
  ("Greeter" .
   [1 0 0 0 0 0 0])
  ("inst" .
   [1 0 0 0])
  ("rescue" .
   [0 0 0 1 0 0])
  ("else" .
   [1 0 0 0])
  ("each" .
   [1 0 0 0])
  ("do" .
   [1 0])
  ("nil" .
   [6 0 0])
  ("is_a?" .
   [0 0 0 1 0])
  ("load-file" .
   [1 0 0 0 0 0 0 0 0])
  ("games_url" .
   [0 0 0 0 0 1 0 0 0])
  ("foreign_key" .
   [0 0 0 0 1 0 0 2 0 0 0])
  ("team1_player2_user_id" .
   [1 0 0 0 0 0 0 0 0 0 0 0 0 0 0 0 0 0 0 0 0])
  ("team2_player1_user_id" .
   [0 0 0 0 0 0 0 0 0 0 0 0 0 0 1 0 0 0 0 0 0])
  ("team2_player2_user_id" .
   [0 0 0 0 0 0 0 0 0 0 0 0 0 0 0 0 0 0 0 1 0])
  ("display" .
   [0 0 0 0 1 0 0])
  ("block" .
   [0 0 1 0 0])
  ("transparent" .
   [0 0 0 2 0 0 0 0 0 0 0])
  ("no-repeat" .
   [0 0 0 1 1 0 0 0 0])
  ("text-indent" .
   [0 0 0 0 0 0 0 0 0 1 0])
  ("width" .
   [2 0 0 0 0])
  ("290px" .
   [2 0 0 0 0])
  ("padding" .
   [2 0 0 0 0 0 0])
  ("background-position" .
   [0 0 0 0 0 0 0 0 0 0 0 0 0 4 0 0 0 0 0])
  ("Background" .
   [2 0 0 0 0 0 0 0 0 0])
  ("background-image" .
   [0 0 0 0 0 0 0 0 0 0 0 0 1 0 0 0])
  ("50px" .
   [1 0 0 0])
  ("60px" .
   [1 0 0 0])
  ("accommodations" .
   [0 0 0 1 0 0 0 0 0 0 0 0 0 0])
  ("font-family" .
   [0 0 0 0 0 0 1 0 0 0 0])
  ("sans-serif" .
   [0 0 1 0 1 0 0 0 0 0])
  ("font-weight" .
   [0 0 0 0 0 0 1 2 0 0 0])
  ("normal" .
   [1 0 0 0 1 0])
  ("trojan-pro" .
   [0 0 0 1 0 0 0 0 0 0])
  ("400px" .
   [1 0 0 0 0])
  ("230px" .
   [1 0 0 0 0])
  ("460px" .
   [1 0 0 0 0])
  ("dcbdaf" .
   [1 0 0 0 0 0])
  ("letter-spacing" .
   [0 0 0 0 0 0 0 1 0 0 0 0 0 0])
  ("line-height" .
   [0 0 0 0 0 0 0 0 0 1 0])
  ("20px" .
   [1 0 0 0])
  ("30px" .
   [2 0 0 0])))
